4 2 110 150
3 2 190 150
4 2 270 150
1 2 350 150
0 2 430 150
2 2 510 150
1 2 110 170
1 1 190 170
1 1 270 170
1 1 350 170
1 1 430 170
2 2 510 170
1 2 110 190
2 1 190 190
2 1 270 190
0 1 350 190
2 1 430 190
0 2 510 190
1 2 110 210
1 1 190 210
0 1 270 210
0 1 350 210
3 1 430 210
1 2 510 210
3 2 110 230
3 1 190 230
3 1 270 230
2 1 350 230
3 1 430 230
2 2 510 230
3 2 110 250
2 1 190 250
2 1 270 250
2 1 350 250
3 1 430 250
0 2 510 250
0 2 110 270
0 1 190 270
0 1 270 270
0 1 350 270
0 1 430 270
0 2 510 270
0 2 110 290
0 1 190 290
0 1 270 290
0 1 350 290
0 1 430 290
0 2 510 290
0 2 110 310
0 2 190 310
0 2 270 310
0 2 350 310
0 2 430 310
0 2 510 310
