3 2 110 150
0 1 190 150
3 1 270 150
1 1 350 150
3 1 430 150
2 2 510 150
0 2 110 170
2 1 190 170
4 1 270 170
2 1 350 170
3 1 430 170
0 2 510 170
1 2 110 190
2 1 190 190
2 1 270 190
4 1 350 190
3 1 430 190
2 2 510 190
4 2 110 210
4 1 190 210
2 1 270 210
1 1 350 210
3 1 430 210
3 2 510 210
0 2 110 230
3 1 190 230
2 1 270 230
2 1 350 230
1 1 430 230
0 2 510 230
0 2 110 250
1 1 190 250
1 1 270 250
3 1 350 250
2 1 430 250
3 2 510 250
0 2 110 270
0 1 190 270
1 1 270 270
0 1 350 270
0 1 430 270
1 2 510 270
0 2 110 290
0 1 190 290
1 1 270 290
0 1 350 290
0 1 430 290
1 2 510 290
0 2 110 310
0 1 190 310
0 1 270 310
0 1 350 310
0 1 430 310
0 2 510 310