2 110 150
2 190 150
2 270 150
2 350 150
2 430 150
2 510 150
2 110 170
1 190 170
1 270 170
1 350 170
1 430 170
2 510 170
2 110 190
1 190 190
1 270 190
1 350 190
1 430 190
2 510 190
2 110 210
1 190 210
1 270 210
1 350 210
1 430 210
2 510 210
2 110 230
1 190 230
1 270 230
1 350 230
1 430 230
2 510 230
2 110 250
1 190 250
1 270 250
1 350 250
1 430 250
2 510 250
2 110 270
1 190 270
1 270 270
1 350 270
1 430 270
2 510 270
2 110 290
1 190 290
1 270 290
1 350 290
1 430 290
2 510 290
2 110 310
2 190 310
2 270 310
2 350 310
2 430 310
2 510 310
