0 2 110 150
2 2 190 150
0 2 270 150
3 2 350 150
0 2 430 150
3 2 510 150
3 1 110 170
3 1 190 170
0 1 270 170
1 1 350 170
1 1 430 170
0 1 510 170
2 1 110 190
2 1 190 190
4 1 270 190
1 1 350 190
2 1 430 190
4 1 510 190
0 1 110 210
2 1 190 210
4 1 270 210
4 1 350 210
1 1 430 210
0 1 510 210
3 1 110 230
2 1 190 230
3 1 270 230
2 1 350 230
2 1 430 230
0 1 510 230
0 1 110 250
3 1 190 250
3 1 270 250
3 1 350 250
3 1 430 250
3 1 510 250
3 1 110 270
0 1 190 270
0 1 270 270
0 1 350 270
0 1 430 270
0 1 510 270
0 1 110 290
0 1 190 290
0 1 270 290
0 1 350 290
0 1 430 290
0 1 510 290
0 2 110 310
0 2 190 310
0 2 270 310
0 2 350 310
0 2 430 310
0 2 510 310